original(ddrescuelog)  x
12582160
12582161
12582162
12582167
47176248
47176249
47176250
47176251
47176252
47176253
47176254
47176255
92544192
92544193
92544194
92544195
92544196
92544197
92544198
92544199
92544208
92544209
92544210
92544211
92544212
92544213
92544214
92544215
92544304
92544305
92544306
92544307
92544308
92544309
92544310
92544311
92544312
92544313
92544314
92544315
92544316
92544317
92544318
92544319
92544520
92544521
92544522
92544523
92544524
92544525
92544526
92544527
92544536
92544537
92544538
92544539
92544540
92544541
92544542
92544543
92544616
92544617
92544618
92544619
92544620
92544621
92544622
92544623
92544624
92544625
92544626
92544627
92544628
92544629
92544630
92544631
92544640
92544641
92544642
92544643
92544644
92544645
92544646
92544647
92544792
92544793
92544794
92544795
92544796
92544797
92544798
92544799
92544816
92544817
92544818
92544819
92544820
92544821
92544822
92544823
92544952
92544953
92544954
92544955
92544956
92544957
92544958
92544959
92545024
92545025
92545026
92545027
92545028
92545029
92545030
92545031
92546192
92546193
92546194
92546195
92546196
92546197
92546198
92546199
92546352
92546353
92546354
92546355
92546356
92546357
92546358
92546359
92546376
92546377
92546378
92546379
92546380
92546381
92546382
92546383
92546816
92546817
92546818
92546819
92546820
92546821
92546822
92546823
92546888
92546889
92546890
92546891
92546892
92546893
92546894
92546895
92547680
92547681
92547682
92547683
92547684
92547685
92547686
92547687
92547688
92547689
92547690
92547691
92547692
92547693
92547694
92547695
92547719
92548312
92548313
92548314
92548315
92548316
92548317
92548318
92548319
92548320
92548321
92548322
92548323
92548324
92548325
92548326
92548327
92548344
92548345
92548346
92548347
92548348
92548349
92548350
92548351
92548400
92548401
92548402
92548403
92548404
92548405
92548406
92548407
92548544
92548545
92548546
92548547
92548548
92548549
92548550
92548551
92548680
92548681
92548682
92548683
92548684
92548685
92548686
92548687
92548704
92548705
92548706
92548707
92548708
92548709
92548710
92548711
92549048
92549049
92549050
92549051
92549052
92549053
92549054
92549055
92549600
92549601
92549602
92549603
92549604
92549605
92549606
92549607
92549712
92549713
92549714
92549715
92549716
92549717
92549718
92549719
92549720
92549721
92549722
92549723
92549724
92549725
92549726
92549727
92550472
92550473
92550474
92550475
92550476
92550477
92550478
92550479
92550480
92550481
92550482
92550483
92550484
92550485
92550486
92550487
92551400
92551401
92551402
92551403
92551404
92551405
92551406
92551407
92552584
92552585
92552586
92552587
92552588
92552589
92552590
92552591
92552600
92552601
92552602
92552603
92552604
92552605
92552606
92552607
92552648
92552649
92552650
92552651
92552652
92552653
92552654
92552655
92552656
92552657
92552658
92552659
92552660
92552661
92552662
92552663
92552664
92552665
92552666
92552667
92552668
92552669
92552670
92552671
92552672
92552673
92552674
92552675
92552676
92552677
92552678
92552679
92552712
92552713
92552714
92552715
92552716
92552717
92552718
92552719
92552824
92552825
92552826
92552827
92552828
92552829
92552830
92552831
92552832
92552833
92552834
92552835
92552836
92552837
92552838
92552839
92552848
92552849
92552850
92552851
92552852
92552853
92552854
92552855
92552952
92552953
92552954
92552955
92552956
92552957
92552958
92552959
92552968
92552969
92552970
92552971
92552972
92552973
92552974
92552975
92552984
92552985
92552986
92552987
92552988
92552989
92552990
92552991
92553016
92553017
92553018
92553019
92553020
92553021
92553022
92553023
92553024
92553025
92553026
92553027
92553028
92553029
92553030
92553031
92553032
92553033
92553034
92553035
92553036
92553037
92553038
92553039
92553040
92553041
92553042
92553043
92553044
92553045
92553046
92553047
92553048
92553049
92553050
92553051
92553052
92553053
92553054
92553055
92553056
92553057
92553058
92553059
92553060
92553061
92553062
92553063
92553064
92553065
92553066
92553067
92553068
92553069
92553070
92553071
92553208
92553209
92553210
92553211
92553212
92553213
92553214
92553215
92553224
92553225
92553226
92553227
92553228
92553229
92553230
92553231
92553232
92553233
92553234
92553235
92553236
92553237
92553238
92553239
92553240
92553241
92553242
92553243
92553244
92553245
92553246
92553247
92553248
92553249
92553250
92553251
92553252
92553253
92553254
92553255
92553272
92553273
92553274
92553275
92553276
92553277
92553278
92553279
92553304
92553305
92553306
92553307
92553308
92553309
92553310
92553311
92553312
92553313
92553314
92553315
92553316
92553317
92553318
92553319
92553320
92553321
92553322
92553323
92553324
92553325
92553326
92553327
92553344
92553345
92553346
92553347
92553348
92553349
92553350
92553351
92553352
92553353
92553354
92553355
92553356
92553357
92553358
92553359
92553360
92553361
92553362
92553363
92553364
92553365
92553366
92553367
92553432
92553433
92553434
92553435
92553436
92553437
92553438
92553439
92553568
92553569
92553570
92553571
92553572
92553573
92553574
92553575
92553576
92553577
92553578
92553579
92553580
92553581
92553582
92553583
92553584
92553591
92554408
92554409
92554410
92554411
92554412
92554413
92554414
92554415
92554432
92554433
92554434
92554435
92554436
92554437
92554438
92554439
92554440
92554441
92554442
92554443
92554444
92554445
92554446
92554447
92554720
92554721
92554722
92554723
92554724
92554725
92554726
92554727
92554728
92554729
92554730
92554731
92554732
92554733
92554734
92554735
92554736
92554737
92554738
92554739
92554740
92554741
92554742
92554743
92554744
92554745
92554746
92554747
92554748
92554749
92554750
92554751
92554776
92554777
92554778
92554779
92554780
92554781
92554782
92554783
92554784
92554785
92554786
92554787
92554788
92554789
92554790
92554791
92554824
92554825
92554826
92554827
92554828
92554829
92554830
92554831
92554840
92554841
92554842
92554843
92554844
92554845
92554846
92554847
92555072
92555073
92555074
92555075
92555076
92555077
92555078
92555079
92555088
92555089
92555090
92555091
92555092
92555093
92555094
92555095
92555104
92555105
92555106
92555107
92555108
92555109
92555110
92555111
92555112
92555113
92555114
92555115
92555116
92555117
92555118
92555119
92556008
92556009
92556010
92556011
92556012
92556013
92556014
92556015
92556016
92556017
92556018
92556019
92556020
92556021
92556022
92556023
92556024
92556025
92556026
92556027
92556028
92556029
92556030
92556031
92556128
92556129
92556130
92556131
92556132
92556133
92556134
92556135
92556664
92556665
92556666
92556667
92556668
92556669
92556670
92556671
92556672
92556673
92556674
92556675
92556676
92556677
92556678
92556679
92556872
92556873
92556874
92556875
92556876
92556877
92556878
92556879
92556912
92556913
92556914
92556915
92556916
92556917
92556918
92556919
92557064
92557065
92557066
92557067
92557068
92557069
92557070
92557071
92557080
92557081
92557082
92557083
92557084
92557085
92557086
92557087
92557992
92557993
92557994
92557995
92557996
92557997
92557998
92557999
92558656
92558657
92558658
92558659
92558660
92558661
92558662
92558663
92627376
92627377
92627378
92627379
92627380
92627381
92627382
92627383
92627384
92627385
92627386
92627387
92627388
92627389
92627390
92627391
92627424
92627425
92627426
92627427
92627428
92627429
92627430
92627431
92627432
92627433
92627434
92627435
92627436
92627437
92627438
92627439
92627448
92627449
92627450
92627451
92627452
92627453
92627454
92627455
92627472
92627473
92627474
92627475
92627476
92627477
92627478
92627479
92627480
92627481
92627482
92627483
92627484
92627485
92627486
92627487
92627504
92627505
92627506
92627507
92627508
92627509
92627510
92627511
92627512
92627513
92627514
92627515
92627516
92627517
92627518
92627519
92627536
92627537
92627538
92627539
92627540
92627541
92627542
92627543
92627648
92627649
92627650
92627651
92627652
92627653
92627654
92627655
92627656
92627657
92627658
92627659
92627660
92627661
92627662
92627663
92627704
92627705
92627706
92627707
92627708
92627709
92627710
92627711
92627728
92627729
92627730
92627731
92627732
92627733
92627734
92627735
92627848
92627849
92627850
92627851
92627852
92627853
92627854
92627855
92627920
92627921
92627922
92627923
92627924
92627925
92627926
92627927
92627928
92627929
92627930
92627931
92627932
92627933
92627934
92627935
92627952
92627953
92627954
92627955
92627956
92627957
92627958
92627959
92628000
92628001
92628002
92628003
92628004
92628005
92628006
92628007
92628248
92628249
92628250
92628251
92628252
92628253
92628254
92628255
92628296
92628297
92628298
92628299
92628300
92628301
92628302
92628303
92628312
92628313
92628314
92628315
92628316
92628317
92628318
92628319
92628320
92628321
92628322
92628323
92628324
92628325
92628326
92628327
92628336
92628337
92628338
92628339
92628340
92628341
92628342
92628343
92628344
92628345
92628346
92628347
92628348
92628349
92628350
92628351
92628360
92628361
92628362
92628363
92628364
92628365
92628366
92628367
92628368
92628369
92628370
92628371
92628372
92628373
92628374
92628375
92628376
92628377
92628378
92628379
92628380
92628381
92628382
92628383
92628384
92628385
92628386
92628387
92628388
92628389
92628390
92628391
92628432
92628433
92628434
92628435
92628436
92628437
92628438
92628439
92628696
92628697
92628698
92628699
92628700
92628701
92628702
92628703
92628728
92628729
92628730
92628731
92628732
92628733
92628734
92628735
92628832
92628833
92628834
92628835
92628836
92628837
92628838
92628839
92628848
92628849
92628850
92628851
92628852
92628853
92628854
92628855
92628856
92628857
92628858
92628859
92628860
92628861
92628862
92628863
92629488
92629489
92629490
92629491
92629492
92629493
92629494
92629495
92629504
92629505
92629506
92629507
92629508
92629509
92629510
92629511
92629520
92629521
92629522
92629523
92629524
92629525
92629526
92629527
92629584
92629585
92629586
92629587
92629696
92629697
92629736
92629737
92629738
92629739
92629740
92629741
92629742
92629743
92629744
92629745
92629746
92629747
92629748
92629749
92629750
92629751
92629768
92629769
92629770
92629771
92629772
92629773
92629774
92629775
92629784
92629785
92629786
92629787
92629788
92629789
92629790
92629791
92629792
92629793
92629794
92629795
92629796
92629797
92629798
92629799
92629800
92629801
92629802
92629803
92629804
92629805
92629806
92629807
92629832
92629833
92629834
92629835
92629836
92629837
92629838
92629839
92629840
92629841
92629842
92629843
92629844
92629845
92629846
92629847
92630168
92630169
92630170
92630171
92630172
92630173
92630174
92630175
92630536
92630664
92630665
92630666
92630667
92630668
92630669
92630670
92630671
92631464
92631465
92631466
92631467
92631468
92631469
92631470
92631471
92631488
92631489
92631490
92631491
92631492
92631493
92631494
92631495
92631512
92631513
92631514
92631515
92631516
92631517
92631518
92631519
92631624
92631625
92631626
92631627
92631628
92631629
92631630
92631631
92631664
92631665
92631666
92631667
92631668
92631669
92631670
92631671
92631672
92631673
92631674
92631675
92631676
92631677
92631678
92631679
92631680
92631681
92631682
92631683
92631684
92631685
92631686
92631687
92631696
92631697
92631698
92631699
92631700
92631701
92631702
92631703
92631704
92631705
92631706
92631707
92631708
92631709
92631710
92631711
92631712
92631713
92631714
92631715
92631716
92631717
92631718
92631719
92631736
92631737
92631738
92631739
92631740
92631741
92631742
92631743
92631792
92631793
92631794
92631795
92631796
92631797
92631798
92631799
92631888
92631889
92631890
92631891
92631892
92631893
92631894
92631895
92631920
92631921
92631922
92631923
92631924
92631925
92631926
92631927
92631992
92631993
92631994
92632000
92632001
92632008
92632009
92632010
92632011
92632012
92632013
92632014
92632015
92632016
92632017
92632018
92632019
92632020
92632021
92632022
92632023
92632136
92632137
92632138
92632139
92632140
92632141
92632142
92632143
92632184
92632185
92632186
92632187
92632188
92632189
92632190
92632191
92632208
92632209
92632210
92632211
92632212
92632213
92632214
92632215
92632384
92632385
92632386
92632387
92632388
92632389
92632390
92632391
92632392
92632393
92632394
92632395
92632396
92632397
92632398
92632399
92633232
92633233
92633234
92633235
92633236
92633237
92633238
92633239
92633383
92633760
92633761
92633762
92633763
92633764
92633765
92633766
92633767
92633776
92633777
92633778
92633779
92633780
92633781
92633782
92633783
92633784
92633785
92633786
92633787
92633788
92633789
92633790
92633791
92633792
92633793
92633794
92633795
92633796
92633797
92633798
92633799
92633800
92633801
92633802
92633803
92633804
92633805
92633806
92633807
92633808
92633809
92633810
92633811
92633812
92633813
92633814
92633815
92633856
92633864
92633865
92633866
92633867
92633868
92633869
92633870
92633871
92633872
92633873
92633874
92633875
92633876
92633877
92633878
92633879
92633880
92633881
92633882
92633883
92633884
92633885
92633886
92633887
92633888
92633889
92633890
92633891
92633892
92633893
92633894
92633895
92633904
92633905
92633906
92633907
92633908
92633909
92633910
92633911
92634376
92634377
92634378
92634379
92634380
92634381
92634382
92634383
92634432
92634433
92634434
92634435
92634436
92634437
92634438
92634439
92635632
92635633
92635634
92635635
92635636
92635637
92635638
92635639
92635744
92635745
92635746
92635747
92635748
92635749
92635750
92635751
92635752
92635753
92635754
92635755
92635756
92635757
92635758
92635759
